Code
55
54
82
143
24
19
26
01
20
22 
28 
50 
102 
106
107
110 
120 
130
132
146 
170
15 
16
88
111 
135 
140 
141 
144 
149 
150 
151 
153
155 
158 
161 
166 
168
125 
126
127 
128
123 
160
31 
52 
83 
84 
85 
104
08 
42 
43 
44 
45 
51 
102 
104 
110 
132
146
58
59
17
22
46
47 
48 
49
50 
51 
102 
120 
132 
146
148 
170
62 
118 
137 
165
39
129 
134
66
32 
103 
108 
114 
136 
147 
148
162 
163 
164
03 
04 
05 
06 
07 
38 
94
23
100 
133
152
33
02 
10 
89 
110 
120 
130 
132 
146 
170
18 
40 
90
74 
116 
119 
122
09 
113 
138 
139
115
25 
41 
53
91
101
75 
105
21 
94
80 
81
92
37
121
